  single point
  f0tp_wdth_vr     90.00000000000000         1.000000         0.000000    
  f0prcnt_ntll     25.00000000000000         1.000000         0.000000    
  srfc_lyr_str     1.000000000000000         1.000000         0.000000    
  srfc_lyr_vgt    5.0000000000000000E-02     1.000000         0.000000    
  srfc_lyr_rgh    0.4100000000000000         1.000000         0.000000    
  srfc_lyr_slp     4.170000000000000         1.000000         0.000000    
  sl_lyr_thckn     4.000000000000000         1.000000         0.000000    
  sl_lyr_prsty    0.4700000000000000         1.000000         0.000000    
  sl_lyr_fld_c    0.3300000000000000         1.000000         0.000000    
  sl_lyr_wltng    9.0000000000000000E-02     1.000000         0.000000    
  sl_lyr_cndct     3.000000000000000         1.000000         0.000000    
    sl_lyr_slp    0.5000000000000000         1.000000         0.000000    
  sl_lyr_sctn_     4.000000000000000         1.000000         0.000000    
  drnmt_thckns     3.000000000000000         1.000000         0.000000    
  drnmt_vd_frc    0.3000000000000000         1.000000         0.000000    
  drnmt_rghnss     3.750000000000000         1.000000         0.000000    
